                                                                          
                                                                          
                                                                          
                                                                          
                                                                          
                                                                          
                                                                          
                                                                          
                                                                          
                                                                          
                                 0                                        
 0                   0    0         0       99                            
 00                    00         0        000                            
 000 0                 00            0    000                             
  00                      0              000                              
     00           9   0  0               000                             
 0 0 00                       00          0000                            
 00    0                      00           000                            
 00  00                 00 0                00                            
 00  00            9    00   00    0000     00                            
 00 0                     0  00    0000     00                            
    0000                           0000     00                            
 0    00                                    00                            
     0                 0     00    0        00                            
  0  0                       00   0        000                            
  00   0                 0                 00                             
  0000                                                                    
    00                   0    0    @@@@@                                  
    000                              @                                    
 00   0                              @                                    
 00    00               0    0                                            
       00                                                                 
00000000000999999999900000000000000000000000000000000000000000000000000000
00000000000000000000000000000000000000000000000000000000000000000000000000
00000000000000000000000000000000000000000000000000000000000000000000000000
00000000000000000000000000000000000000000000000000000000000000000000000000
00000000000000000000000000000000000000000000000000000000000000000000000000
00000000000000000000000000000000000000000000000000000000000000000000000000
00000000000000000000000000000000000000000000000000000000000000000000000000
00000000000000000000000000000000000000000000000000000000000000000000000000
